94,53,85,52,32,24,13,96,87,57,28,54,29,45,12,89,81,91,15
71,52,34,31,94,16,24,58,53,55,87,41,23,28,96,84,13,32,85,29,42,97,57
62,22,83,78,68,23,41,55,16,97,34,84,94,53,71,52,32,24,13,96,58,87,57
93,27,76,22,83,78,68,23,55,16,97,34,84,94,71,85,52,32,24,13,96
37,16,84,22,73,27,85,97,18,53,94,78,32,55,62,41,52
95,82,35,73,37,93,55,84,53
19,95,14,57,29,54,81,82,13,45,28,91,58,87,25,12,35,49,96
85,52,32,24,13,96,58,87,57,42,28,54,29,31,45,19,91,15,49,14,25
49,89,37,31,18,12,62,38,45,29,91,22,15,95,81
53,91,31,15,29,49,87,45,24,12,71
28,42,57,58,84,94,85,16,19,31,52,96,87,34,55
28,29,31,89,81,15,76
28,45,81,31,76,54,19,38,25
53,54,84,57,19,42,28,94,96,55,32
22,38,23,82,84,78,16,62,68,95,83,18,34,53,55,27,37,94,73,93,76
53,54,84,91,87,12,96,57,94
84,71,41,34,55,78,54,32,28
62,41,97,34,84,53,71,85,52,32,24,58,57
27,76,78,84,97,53,55,94,37,93,34,52,32,16,23,71,24,41,85
45,38,91,14,42,73,89,82,58,49,28,18,12
96,84,54,24,87,13,89,32,53,12,81,71,34
84,19,24,53,94,32,71,87,89,58,52,81,42,29,13
15,95,73,18,27,78,23,41,55,16,97
76,41,94,27,84,62,16,22,37,71,35,68,78
96,55,28,58,53,94,68,13,34,54,24
87,54,58,28,52,55,94,71,23,24,84,16,42,34,85,57,31
12,49,54,35,19,62,18
73,12,42,31,89,19,15,81,28,35,54,18,57,91,93,49,45,95,25
76,62,22,83,68,55,16,34,84,94,53,24,13,96,58
29,31,45,19,12,89,81,91,15,49,14,25,95,38,82,35,73,18,37,93,27,62,22
25,38,73,76,22,78,41,84,94
97,53,71,85,32,13,96,58,57,28,29,19,89
37,27,22,83,68,23,55,16,97,94,32,24,13
87,42,29,19,89,91,14,25,82,35,37
97,84,94,71,85,52,32,24,13,96,58,87,57,28,54,29,31,45,89
38,58,31,91,19,54,42,95,29,49,18,25,15
13,58,54,31,45,19,15,49,25,95,35
22,83,78,23,41,55,34,85,52,24,58,87,42
41,84,52,78,68,96,83,22,24,23,13,34,62,53,55,58,87,32,76
76,93,38,18,89,54,73,19,91,14,31,37,28
37,93,27,76,22,83,78,41,16,97,84,94,53,85,32,24,13
76,78,23,41,55,16,97,52,32,58,87
49,25,62,37,73,95,93,41,82,35,78,15,18
78,16,97,84,53,71,32,13,58,87,57,42,54
23,83,62,93,82,85,76,97,27,84,78,37,16,18,41,22,73
71,32,62,27,52,34,41,24,23,97,22,78,84,55,68,83,16
35,73,18,37,93,27,76,62,22,83,78,68,23,41,55,16,97,84,94,53,71,85,52
16,41,52,97,24,54,87,42,23,28,71,96,53,34,55,32,84,31,58,13,29,57,85
49,14,25,95,38,73,18,37,93,27,22,83,34
57,15,28,19,45,18,38,31,87,49,73,91,35,42,25,14,58,89,95,81,29
12,45,81,19,25,31,14,57,54,96,32,91,15,38,87,29,49,28,58
22,83,23,41,55,53,13,96,42
15,19,85,12,91,28,13,87,31,81,53,42,32,96,89,49,58,52,29,57,54,24,71
29,25,38,73,18,37,76
84,83,35,62,22,71,34,52,27,53,76,18,55,97,78,41,93,16,68
25,95,38,73,27,62,68,23,55,16,34,84,94
91,82,35,37,22,68,23,41,16
82,53,41,27,18,94,55,23,97,38,73,93,35,22,76,95,78
71,57,45,87,14,13,42,52,29,89,24,96,31,15,12
83,78,68,55,84,53,52,32,13,58,28
19,16,97,24,29,31,42,28,84,96,13,12,57
94,71,85,52,32,24,96,58,87,57,42,54,29,45,19,12,89,81,15
87,45,97,19,32,53,94,57,71,13,16,24,28,52,84,29,12,34,31,85,96
12,15,32,91,89,52,14,96,45,19,95,29,57,25,49,54,81
24,83,96,16,62,27,94,85,78,23,84,93,32,34,22,13,97,41,68
45,73,89,42,54,28,29
95,49,25,38,37,18,27,73,82,93,89,91,76,22,62,68,15,81,14,83,35,23,78
41,73,94,76,22,93,34,32,97
24,13,87,29,89,94,96,19,85,71,42,31,52,81,34,45,28,58,54
19,91,49,37,27,76,83
58,52,84,57,24,68,78,16,55,28,83,87,23,71,42,13,94,32,96
91,93,95,16,23,55,78,68,37,82,27,22,14,25,18,38,15
62,18,45,27,76,89,15,22,73,93,35,83,81,12,14,95,91,78,25,37,82,38,19
22,16,38,18,37,84,62,35,82,68,53,73,76,55,97,27,71,41,83,94,23
32,96,58,57,42,28,54,31,12,81,91,15,14,95,38
19,31,96,13,52,12,84,97,16,87,24,34,54
38,18,37,27,22,78,55,16,97,84,71
29,12,15,25,93,76,22
91,27,18,62,81,35,45,38,14,82,25,49,29,93,19,12,54,76,73
55,94,52,58,54,45,19
31,45,15,62,83
96,42,57,91,25,58,54,87,28
54,29,31,45,19,12,89,91,49,14,25,95,38,82,35,73,18,93,27,76,62
45,19,12,89,38,82,35,73,37,93,27,76,78
38,82,35,73,18,37,27,76,62,22,83,78,68,23,55,34,84,53,71
78,68,23,97,94,85,52,32,24,96,87,42,54
23,41,55,84,53,52,32,58,87,57,54,29,31
19,12,89,81,15,14,25,95,38,35,73,18,37,76,62,22,83,78,68
96,58,87,57,42,28,54,29,31,19,89,81,91,15,49,25,95,38,82,35,73
31,89,91,49,14,25,18,27,76,62,83
94,93,37,68,97,32,23,78,22
32,76,13,58,34,55,53,24,68,84,27,83,78,62,52
58,87,91,53,84,29,31,96,12
62,22,83,78,23,41,55,16,97,84,94,53,71,85,52,32,24,96,58,87,57
24,57,81,89,52,49,42,14,95,96,15
41,55,76,27,78,15,14,95,97,38,18
41,57,22,68,16,23,55,62,58,24,97,84,13
49,18,31,73,89,29,27,45,81,95,35,82,54,14,93
53,52,24,13,96,57,42,28,54,31,45,19,89,81,15
53,24,89,12,57,54,71,58,52,94,45,42,13,85,34,87,29
71,32,23,84,16,22,78,94,73,85,76
22,78,68,23,41,55,97,34,84,94,53,71,52,32,24,13,96,57,42
22,83,41,27,73,62,16,18,82,95,35,55,97
49,95,18,93,23,12,62,37,73,38,25,89,68
49,14,25,95,38,82,35,73,18,37,93,27,76,62,22,83,78,68,23,41,16,97,34
41,55,16,84,53,85,52,32,24,13,57,54,29,31,45
82,73,18,22,83,78,68,23,41,55,16,94,53,71,85
96,12,24,81,49,71,28,52,29
38,82,73,18,93,27,76,83,55,34,84,94,71
54,29,45,19,12,81,91,25,38,73,37,93,62
53,57,28,87,54,52,42,91,45,32,58,29,89,49,24,13,15,81,31
19,49,25,68,38,27,18
25,19,14,52,15,31,13,96,12,81,49,32,95,28,45
41,34,27,73,83,18,97,62,95,37,82
28,54,29,45,19,12,89,81,91,15,49,14,25,95,38,82,35,73,18,37,93,27,76
62,34,68,87,83,84,55,76,22,96,53,41,78,97,13,32,24,58,85,71,23,16,52
94,28,68,55,34,54,29
57,29,19,87,13,96,16,94,97,34,52,32,71,28,84,24,45
38,15,14,12,57,49,91,89,18,25,31,54,45,87,28
28,85,32,24,81,45,13,58,19,71,31,96,52,94,91,29,84,54,57,53,42,12,89
13,94,96,29,32,45,31,58,84,91,19,57,42
38,82,35,73,18,37,93,27,76,62,22,78,23,41,16,97,34,84,94,53,71
78,91,76,45,49,18,73,22,62
91,29,87,13,35,31,38,96,45,28,15,82,12
82,35,14,18,15
58,54,31,45,12,49,95,38,35
49,68,78,35,14,16,55,22,18,62,23,83,95,91,15,37,93,73,41,82,27
82,35,73,18,23,41,34,84,94,53,85
97,78,87,62,16,85,13,71,76,94,34,84,83,55,22,32,53,96,68
82,55,97,41,93,34,38,62,84,37,35,83,14,16,22,68,76,25,27
24,49,87,38,28,96,42,82,45,95,29
84,22,96,87,76,34,62,23,71,58,24,16,85
83,94,68,18,97,73,35
12,14,19,54,87,29,57,95,81,24,45,49,42,15,31,96,91,25,28,38,89
58,24,91,89,31,52,42,85,28
96,58,87,57,42,28,54,45,19,12,89,81,91,49,14,25,95,38,82,35,73
95,82,73,18,37,93,27,76,62,22,83,68,23,41,55,16,97,34,94
27,85,78,55,52,83,34,16,96,58,23
91,49,57,87,95,31,25
28,31,12,35,73
32,96,87,42,31,12,89,95,38
45,12,15,14,95,38,73,18,76,83,78
25,49,22,68,23
18,62,97,73,34,55,84,16,78,52,94,22,93,27,35,76,68,23,71,53,83
91,24,49,42,28,54,81,82,87,95,14,12,38,58,15,29,19,57,25,13,96,45,31
97,45,28,87,71,34,32,31,89,52,85,24,19,53,42,84,29
62,81,14,78,22,23,49,37,91
14,31,45,73,82,19,29,91,89,87,42,12,54,81,35,28,38,15,58,18,25,95,49
35,37,83,15,82,76,62,38,25,55,18,91,23,95,49,14,73
76,84,41,37,16,32,18
76,62,83,78,68,23,41,55,16,97,34,84,53,71,85,52,32,24,13,58,87
55,16,97,34,84,71,85,52,32,24,13,58,87,57,31,45,19
52,42,45,32,49,58,13,87,28,31,91,24,12,15,85,25,29,54,57
94,71,85,52,32,24,96,58,87,42,28,54,29,31,45,19,81,91,15
12,18,81,62,25,35,31,91,54,14,49,19,89,76,27,93,82
85,58,42,54,19,12,91,15,49
15,49,14,25,95,38,82,35,73,18,37,93,27,76,62,22,83,78,68,23,55,16,97
25,35,73,22,78
34,68,83,78,25,94,27,38,41,35,22,16,93,37,55,95,18,97,62,76,82,73,23
19,91,49,31,25,73,54,35,82,95,42,28,12,37,18,93,27,89,15
41,16,94,53,52,24,96,58,29,31,45
28,85,84,58,87
22,71,41,27,53,68,52,93,18,83,94,55,16,84,76
71,85,52,24,13,96,87,42,28,29,19,81,14
12,91,49,38,82,73,93,27,23
95,38,35,73,18,37,76,62,22,83,78,68,23,55,16,97,84,94,53
73,27,14,23,97,38,93,15,41,37,49,22,35,68,55,78,16,95,76,18,82,62,83
96,58,87,28,31,12,81,91,14,25,38,82,73
97,83,85,94,71,27,76,22,37,24,18,53,55
89,81,14,25,95,38,35,37,93,27,76,83,78,23,41
55,34,84,94,53,71,85,52,24,13,58,87,42,28,54,29,31,45,19
35,73,93,62,22,78,68,23,55,16,97,34,84,53,71,85,52
84,53,71,52,24,13,96,57,42,28,54,31,45,19,91
49,76,62,16,22,25,27,41,34,35,95,78,14